+15.7 4.4 1.5 0.4
-16.2 3.4 5.4 2.3
-15.9 3.0 5.1 1.8
-15.6 3.0 4.1 1.3
-15.5 2.6 4.4 1.2
-17.2 3.2 6.0 1.8
+15.0 3.5 1.3 0.3
-16.7 3.0 5.2 2.3
-16.3 2.5 5.0 1.9
-17.1 3.0 5.9 2.1
+15.4 3.4 1.5 0.4
-16.2 2.2 4.5 1.5
+15.5 3.5 1.3 0.2
+14.8 3.4 1.6 0.2
-16.5 3.2 5.1 2.0
+15.1 3.4 1.5 0.2

-16.7 2.5 5.8 1.8
-16.7 3.3 5.7 2.1
-16.3 2.3 4.4 1.3
+15.2 4.1 1.5 0.1
-16.7 3.1 4.7 1.5
-16.5 3.0 5.5 1.8
-16.4 2.7 5.3 1.9
-16.0 3.0 4.8 1.8
+15.4 3.7 1.5 0.2
+15.4 3.4 1.7 0.2
+15.2 3.4 1.4 0.2
+15.1 3.7 1.5 0.4
-16.2 2.8 4.8 1.8
-16.1 2.8 4.0 1.3
+14.8 3.0 1.4 0.3
-16.1 2.8 4.7 1.2
-17.3 2.9 6.3 1.8
+15.0 3.4 1.5 0.2
+14.9 3.0 1.4 0.2
-16.3 3.4 5.6 2.4
+14.6 3.2 1.4 0.2
-16.4 3.1 5.5 1.8
+15.0 3.3 1.4 0.2
-16.7 3.1 5.6 2.4
+14.4 3.0 1.3 0.2
-16.0 3.4 4.5 1.6
-15.7 2.6 3.5 1.0
-16.8 3.0 5.5 2.1
-15.4 3.0 4.5 1.5
+14.6 3.4 1.4 0.3
+15.1 3.8 1.9 0.4
-16.4 3.2 4.5 1.5
+15.7 3.8 1.7 0.3
-15.5 2.3 4.0 1.3
+14.8 3.0 1.4 0.1
-17.7 2.8 6.7 2.0
-16.0 2.2 4.0 1.0
-16.6 3.0 4.4 1.4
-17.7 2.6 6.9 2.3
-15.2 2.7 3.9 1.4
-15.5 2.4 3.7 1.0
-16.7 3.1 4.4 1.4
-15.8 2.8 5.1 2.4
-16.5 3.0 5.8 2.2
+14.6 3.1 1.5 0.2
+14.3 3.0 1.1 0.1
-17.9 3.8 6.4 2.0
-16.4 2.8 5.6 2.2
+14.8 3.1 1.6 0.2
-16.1 2.6 5.6 1.4
+15.4 3.9 1.7 0.4
-15.5 2.5 4.0 1.3
+15.0 3.6 1.4 0.2
-16.3 3.3 6.0 2.5
-15.5 2.4 3.8 1.1
+14.4 2.9 1.4 0.2
-16.6 2.9 4.6 1.3
-15.9 3.2 4.8 1.8
-16.1 2.9 4.7 1.4
+15.1 3.8 1.5 0.3
-16.7 3.0 5.0 1.7
-16.9 3.1 4.9 1.5
-16.1 3.0 4.6 1.4
+14.7 3.2 1.6 0.2
-16.8 2.8 4.8 1.4
+14.9 3.1 1.5 0.1
-16.4 2.9 4.3 1.3
-16.1 3.0 4.9 1.8
+14.5 2.3 1.3 0.3
-15.0 2.0 3.5 1.0
+15.0 3.5 1.6 0.6
-15.1 2.5 3.0 1.1
-15.7 2.9 4.2 1.3
-15.6 2.9 3.6 1.3
-16.0 2.2 5.0 1.5
-15.6 2.5 3.9 1.1
-16.5 2.8 4.6 1.5
-16.9 3.1 5.1 2.3
-15.7 2.5 5.0 2.0
+14.9 3.1 1.5 0.1
-17.6 3.0 6.6 2.1