-16.5 0.681818181818 0.840579710145 0.88
-15.2 0.613636363636 0.565217391304 0.56
-15.6 0.681818181818 0.652173913043 0.6
+15.5 0.954545454545 0.202898550725 0.08
+14.7 0.727272727273 0.188405797101 0.08
-15.5 0.545454545455 0.536231884058 0.4
+15.1 0.795454545455 0.202898550725 0.08
-17.7 0.863636363636 0.971014492754 0.88
+15.1 0.772727272727 0.217391304348 0.08
-16.1 0.681818181818 0.666666666667 0.56
+15.4 0.886363636364 0.188405797101 0.16
+15.4 0.840909090909 0.217391304348 0.08
-16.4 0.727272727273 0.652173913043 0.6
-16.7 0.568181818182 0.840579710145 0.72
-16.1 0.590909090909 0.811594202899 0.56
-15.8 0.636363636364 0.739130434783 0.96
-16.5 0.681818181818 0.753623188406 0.8
+14.8 0.704545454545 0.231884057971 0.08
+15.2 0.795454545455 0.217391304348 0.08

-15.8 0.613636363636 0.594202898551 0.4
-15.4 0.681818181818 0.652173913043 0.6
+14.5 0.522727272727 0.188405797101 0.12
-17.2 0.681818181818 0.840579710145 0.64
-16.4 0.613636363636 0.768115942029 0.76
-17.0 0.727272727273 0.68115942029 0.56
-15.6 0.568181818182 0.565217391304 0.44
+15.4 0.772727272727 0.217391304348 0.16
-16.3 0.522727272727 0.63768115942 0.52
+15.4 0.772727272727 0.246376811594 0.08
-16.5 0.681818181818 0.797101449275 0.72
+14.8 0.681818181818 0.202898550725 0.04
-16.2 0.659090909091 0.623188405797 0.52
+15.2 0.931818181818 0.217391304348 0.04
+14.6 0.818181818182 0.144927536232 0.08
+15.1 0.840909090909 0.217391304348 0.16
-16.1 0.681818181818 0.710144927536 0.72
-15.8 0.613636363636 0.739130434783 0.76
-16.7 0.681818181818 0.724637681159 0.68
+14.3 0.681818181818 0.159420289855 0.04
+14.8 0.772727272727 0.231884057971 0.08
-16.3 0.568181818182 0.724637681159 0.76
-16.0 0.5 0.579710144928 0.4
+15.1 0.75 0.246376811594 0.2
-14.9 0.545454545455 0.478260869565 0.4
-16.4 0.727272727273 0.768115942029 0.92
-16.0 0.772727272727 0.652173913043 0.64
-16.3 0.636363636364 0.739130434783 0.6
+15.2 0.772727272727 0.202898550725 0.08
-17.9 0.863636363636 0.927536231884 0.8
-16.5 0.727272727273 0.739130434783 0.8
-16.8 0.636363636364 0.695652173913 0.56
-15.7 0.568181818182 0.724637681159 0.8
-16.3 0.772727272727 0.811594202899 0.96
-16.3 0.659090909091 0.811594202899 0.72
+14.4 0.681818181818 0.188405797101 0.08
-15.6 0.681818181818 0.594202898551 0.52
-16.2 0.5 0.652173913043 0.6
-16.2 0.772727272727 0.782608695652 0.92
+14.8 0.772727272727 0.275362318841 0.08
+15.7 1.0 0.217391304348 0.16
+15.0 0.795454545455 0.231884057971 0.24
-16.7 0.681818181818 0.753623188406 0.92
-15.8 0.590909090909 0.579710144928 0.48
-16.7 0.704545454545 0.63768115942 0.56
+14.8 0.681818181818 0.202898550725 0.12
-15.7 0.590909090909 0.507246376812 0.4
+14.4 0.727272727273 0.188405797101 0.08
+15.0 0.818181818182 0.202898550725 0.08
+15.0 0.795454545455 0.188405797101 0.12
+14.4 0.659090909091 0.202898550725 0.08
-16.9 0.704545454545 0.782608695652 0.84
-16.3 0.568181818182 0.710144927536 0.6
-15.5 0.590909090909 0.63768115942 0.48
-14.9 0.568181818182 0.652173913043 0.68
-16.2 0.636363636364 0.695652173913 0.72
-15.9 0.727272727273 0.695652173913 0.72
-17.1 0.681818181818 0.855072463768 0.84
-15.9 0.681818181818 0.739130434783 0.72
+14.9 0.704545454545 0.217391304348 0.04
-16.4 0.659090909091 0.623188405797 0.52
-16.9 0.704545454545 0.739130434783 0.92
+15.0 0.681818181818 0.231884057971 0.08
+14.6 0.704545454545 0.217391304348 0.08
-16.8 0.681818181818 0.797101449275 0.84
-16.7 0.704545454545 0.811594202899 0.96
-17.3 0.659090909091 0.913043478261 0.72
-15.5 0.522727272727 0.579710144928 0.52
-17.7 0.681818181818 0.884057971014 0.92
-16.0 0.681818181818 0.695652173913 0.72
+15.0 0.772727272727 0.217391304348 0.08
+15.1 0.863636363636 0.275362318841 0.16
-16.7 0.75 0.826086956522 1.0
+15.1 0.795454545455 0.202898550725 0.12
-15.7 0.681818181818 0.608695652174 0.48
-16.9 0.704545454545 0.710144927536 0.6
-16.1 0.636363636364 0.68115942029 0.48
+15.3 0.840909090909 0.217391304348 0.08