-1 6 14 6 14 6 23 2 14 20 5 19 6 23 23 16 23 15 5 11 1
+1 25 23 20 16 6 3 14 14 5 5 19 19 23 23 16 23 15 16 11 19
-1 6 7 6 14 6 3 14 11 5 5 19 19 23 23 16 23 15 16 14 25
+1 19 14 20 16 6 3 14 11 5 5 19 19 23 23 16 23 15 16 11 19
-1 19 23 20 1 6 3 2 7 5 3 19 19 23 23 16 23 15 16 11 14
-1 19 25 20 1 6 3 2 7 5 3 19 19 23 23 16 23 15 16 11 19

-1 19 25 20 1 6 3 2 23 5 3 19 19 23 23 16 23 15 16 14 19
-1 19 25 20 1 6 3 2 11 5 3 19 19 23 23 16 23 15 16 14 14
-1 25 25 20 1 6 3 2 14 5 3 19 19 23 23 16 23 15 16 11 19
+1 25 23 20 16 6 3 14 16 5 5 19 19 23 23 16 23 15 16 11 22
-1 19 7 6 14 6 23 2 11 20 5 19 19 23 23 16 23 15 5 14 1
-1 25 25 20 1 6 3 2 14 5 3 19 19 23 23 16 23 15 16 11 14
-1 19 23 20 12 6 3 2 14 5 3 19 19 23 23 16 23 15 16 14 14